Incidence Data:
      I
1     0
2   125
3   130
4    61
5   144
6   320
7   535
8   939
9  1326
10 1872

Serial Interval Distribution:
 [1] 0.000000e+00 1.814595e-01 2.518855e-01 2.003811e-01 1.482997e-01
 [6] 9.494350e-02 5.822754e-02 2.866422e-02 1.490915e-02 1.045385e-02
[11] 5.233635e-03 1.918999e-03 1.341958e-03 8.856920e-04 3.757481e-04
[16] 2.281328e-04 2.281328e-04 1.610349e-04 1.878741e-04 1.207762e-04
[21] 8.051746e-05 1.341958e-05 0.000000e+00

Serial Interval Mean: 4.078197 
Serial Interval SD: 2.075033 
