Incidence Data:
   dates    I
1      1    0
2      2  888
3      3  438
4      4  693
5      5 1514
6      6 1839
7      7 3115
8      8 4308
9      9 5662
10    10 6851

Serial Interval Distribution:
 [1] 0.000000e+00 2.433270e-02 9.765180e-02 1.634753e-01 1.607199e-01
 [6] 1.254514e-01 9.622865e-02 7.469410e-02 5.838135e-02 4.237356e-02
[11] 3.306957e-02 2.724855e-02 1.995624e-02 1.635020e-02 1.440273e-02
[16] 9.683857e-03 7.741735e-03 6.805451e-03 7.089011e-03 7.030159e-03
[21] 5.243193e-03 1.209145e-03 5.992221e-04 1.979573e-04 3.745138e-05
[26] 1.070039e-05 0.000000e+00 1.605059e-05

Serial Interval Mean: 6.008523 
Serial Interval SD: 3.856939 
