Incidence Data:
      I
1     0
2  1043
3   461
4  1052
5  1703
6  2640
7  3953
8  4299
9  5892
10 7707

Serial Interval Distribution:
 [1] 0.000000e+00 1.744796e-01 2.610823e-01 1.965825e-01 1.449224e-01
 [6] 9.789386e-02 5.575729e-02 3.277745e-02 1.877304e-02 8.029927e-03
[11] 3.740905e-03 2.384313e-03 1.315483e-03 7.399592e-04 5.481179e-04
[16] 3.288707e-04 1.233265e-04 1.644354e-04 1.096236e-04 1.233265e-04
[21] 6.851474e-05 2.740590e-05 2.740590e-05 0.000000e+00

Serial Interval Mean: 4.087119 
Serial Interval SD: 2.075068 
